//J B WS ALUop  RA1   RA2   const     WA
  0 0 00   00000000000000000100000  00001 // reg[1] = 32
  0 0 10   00000000000000000000000  00010 // reg[2] = sw_i
  0 0 00   00000000000000000000001  00011 // reg[3] = 1
  0 0 00   00000000000000000100000  00100 // reg[4] = 32
  0 0 00   00000000000000000000001  00101 // reg[5] = 1
  0 1 00 11110 00011 00100 00000010 00000 // if 1
  1 0 00 00000 00000 00000 00001000 00000 // else 1
  0 0 01 00001 00101 00011 00000000 00110 // if 2
  0 0 01 00111 00010 00110 00000000 00110 // if 2
  0 1 00 11110 00000 00110 00000010 00000 // if 2
  1 0 00 00000 00000 00000 00000010 00000 // else 2
  0 0 01 00000 00011 00000 00000000 00001 // блок if 2 / if 1
  0 0 01 00000 00011 00101 00000000 00011 // блок if 1
  1 0 00 00000 00000 00000 11111000 00000 // блок if 2
  1 0 00 00000 00001 00000 00000000 00000 // out_o