000000100000  00000 000 00001 0010011
000000001000  00000 000 00010 0010011
000000000001  00000 000 00011 0010011
000000100000  00000 000 00100 0010011
000000000001  00000 000 00101 0010011
0000000 00100 00011 100 01000 1100011
00000010000000000000    01111 1101111
0000000 00011 00101 001 00110 0110011
0000000 00110 00010 111 00110 0110011
0000000 00110 00000 100 01000 1100011
00000000100000000000    01111 1101111
0000000 00011 00000 000 00001 0110011
0000000 00101 00011 000 00011 0110011
000000010100  00000 000 01111 1100111
00000000000000000000    01111 1101111